[271.8849840255591, 176.9968051118211]
[285.3035143769968, 121.40575079872205]
[280.19169329073486, 62.30031948881789]
[373.16293929712464, 338.33865814696486]
[325.8785942492013, 301.91693290734827]
[294.56869009584665, 251.4376996805112]
[305.111821086262, 367.4121405750799]
[279.87220447284346, 317.2523961661342]
[267.4121405750799, 261.66134185303514]
[193.29073482428115, 454.3130990415336]
[172.52396166134187, 513.738019169329]
[125.42348284960423, 527.4406332453826]
[163.258785942492, 476.6773162939297]
[275.7188498402556, 680.5111821086263]
[297.7635782747604, 738.9776357827476]
[320.9379947229551, 796.5699208443272]
[167.0926517571885, 723.3226837060703]
[120.7667731629393, 762.3003194888179]
[194.24920127795528, 676.9968051118211]
[272.3891820580475, 960.9498680738786]
[224.92012779552715, 922.6837060702876]
[129.71246006389777, 1003.1948881789137]
[140.89456869009584, 1317.8913738019169]
[175.39936102236422, 1317.8913738019169]
[121.46569920844328, 1254.3535620052771]
[144.72843450479235, 1638.9776357827477]
[158.7859424920128, 1583.0670926517573]
[227.47603833865816, 64.85623003194888]
[216.61341853035145, 124.28115015974441]
[227.1565495207668, 180.83067092651757]
[250.1597444089457, 102.87539936102237]
[300.63897763578274, 192.33226837060704]
[271.8849840255591, 517.891373801917]
[279.87220447284346, 434.18530351437704]
[345.04792332268374, 459.7444089456869]
[242.17252396166134, 451.75718849840257]
[158.14696485623003, 951.1182108626199]
[174.76038338658148, 1259.4249201277955]
[218.5303514376997, 1260.3833865814697]
[251.75718849840257, 1305.7507987220447]
[207.98722044728436, 1377.3162939297124]
[158.7859424920128, 1519.4888178913739]
