[348.0845771144279, 180.09950248756218]
[375.44776119402985, 113.4328358208955]
[417.7363184079602, 68.15920398009949]
[460.02487562189054, 237.8109452736318]
[467.4875621890547, 154.22885572139302]
[643.8288288288288, 212.16216216216213]
[580.9203980099503, 182.08955223880594]
[529.179104477612, 125.37313432835819]
[361.51741293532336, 1361.691542288557]
[307.34234234234236, 1408.5585585585584]
[426.19402985074623, 1747.7611940298505]
[387.88557213930346, 1695.0248756218903]
[358.5323383084577, 1639.3034825870645]
[363.00995024875624, 1758.7064676616912]
[348.0845771144279, 1690.049751243781]
[259.5273631840796, 1682.0895522388057]
[221.30630630630634, 1654.9549549549547]
[193.3783783783784, 1590.990990990991]
[254.18918918918922, 1597.7477477477476]
[320.4054054054054, 1585.135135135135]
[178.51351351351354, 1825.6756756756756]
[185.39800995024876, 1774.1293532338307]
[169.50450450450455, 1690.09009009009]
[198.83084577114428, 1704.9751243781093]
