[217.9872611464968, 185.89490445859875]
[144.565445026178, 192.0759162303666]
[330.0891719745223, 230.48089171974522]
[270.7434554973822, 208.8298429319373]
[306.5222929936306, 155.95859872611464]
[164.4607329842932, 235.00785340314147]
[106.34554973821987, 249.14397905759174]
[102.06369426751593, 194.1751592356688]
[373.4012738853503, 494.1751592356688]
[488.687898089172, 729.8439490445859]
[442.828025477707, 699.2707006369426]
[358.70157068062827, 694.1701570680628]
[347.1832460732984, 852.2853403141362]
[457.13089005235605, 901.5]
[433.5706806282722, 864.8507853403141]
[458.1780104712041, 1056.473821989529]
[443.5183246073298, 1019.3010471204188]
[452.7446808510638, 950.968085106383]
[452.94240837696333, 995.7408376963351]
[368.30573248407643, 1066.1496815286625]
[457.13089005235605, 1147.5732984293195]
[453.656050955414, 1179.5254777070063]
[419.2611464968153, 1126.0222929936306]
[352.38216560509557, 1143.8566878980891]
[316.71337579617835, 1184.6210191082803]
[427.5414012738853, 1258.5063694267517]
[418.624203821656, 1287.1687898089172]
[419.2611464968153, 1328.5700636942674]
[356.0837696335078, 1295.7408376963351]
[406.86910994764395, 1411.9712041884816]
[442.9947643979057, 1593.6465968586388]
[332.6369426751593, 1526.0222929936306]
[270.85350318471336, 1569.3343949044586]
[324.35668789808915, 1582.7101910828026]
[312.89171974522293, 1671.8821656050955]
[261.9363057324841, 1654.6847133757963]
[311.61783439490443, 1637.4872611464968]
[258.11464968152865, 1617.7420382165606]
[460.0254777070063, 1834.93949044586]
[423.0828025477707, 1798.6337579617834]
[604.6114649681529, 1766.1496815286623]
[532.0, 1759.78025477707]
[596.3312101910827, 1860.4171974522294]
[547.2866242038216, 1815.8312101910828]
[487.41401273885344, 1928.5700636942674]
[505.8853503184713, 1892.2643312101911]
[505.82198952879577, 1850.1910994764398]
[327.5414012738853, 1785.8949044585988]
[257.4777070063694, 1779.5254777070063]
[246.01273885350315, 1727.9331210191083]
[312.89171974522293, 1706.2770700636943]
[275.312101910828, 1694.812101910828]
[568.9426751592356, 2015.1942675159235]
[584.8662420382166, 1974.4299363057326]
[324.35668789808915, 2001.1815286624203]
[360.6624203821656, 2050.8630573248406]
[277.85987261146494, 1956.595541401274]
[303.33757961783436, 1902.4554140127389]
[552.3821656050956, 1969.3343949044586]
[553.9895287958115, 2082.651832460733]
[565.7579617834394, 2120.9267515923566]
[486.140127388535, 2150.226114649681]
[486.7770700636943, 2091.6273885350315]
[306.5222929936306, 2298.633757961783]
[287.4140127388535, 2351.4999999999995]
[257.4777070063694, 2324.748407643312]
[265.7579617834395, 2283.3471337579617]
[458.1146496815286, 2388.4426751592355]
[435.8216560509554, 2296.7229299363053]
[199.5392670157068, 2246.002617801047]
[226.24083769633506, 2283.175392670157]
[147.70680628272248, 2346.5261780104715]
[122.05235602094238, 2264.3272251308904]
[117.86387434554972, 2149.143979057592]
[56.84076433121018, 2110.7356687898086]
[77.22292993630572, 2074.429936305732]
[209.0700636942675, 2153.4108280254773]
[177.22292993630572, 2114.557324840764]
[245.37579617834393, 2194.1751592356686]
[239.00636942675158, 2482.073248407643]
[261.9363057324841, 2531.117834394904]
[182.78534031413614, 246.5261780104713]
[378.5968586387434, 531.3429319371728]
[398.8789808917197, 1710.0987261146497]
[137.73248407643314, 2193.538216560509]
[145.61256544502618, 2299.4057591623036]
[217.9872611464968, 2350.8630573248406]
[207.1592356687898, 2410.0987261146493]
