[440.0, 189.33333333333334]
[485.00000000000006, 222.0]
[503.4193548387097, 265.59139784946234]
[412.55913978494624, 241.93548387096772]
[465.24731182795693, 261.2903225806451]
[472.00000000000006, 358.3333333333333]
[431.33333333333337, 327.3333333333333]
[397.50537634408596, 286.02150537634407]
[395.0, 429.0]
[440.0, 457.0]
[496.96774193548384, 459.67741935483866]
[351.8064516129032, 454.83870967741933]
[349.6559139784946, 410.752688172043]
[344.81720430107526, 503.76344086021504]
[410.40860215053766, 505.3763440860215]
[412.55913978494624, 532.7956989247311]
[454.4946236559139, 555.3763440860215]
[482.4516129032258, 600.0]
[386.21505376344084, 600.5376344086021]
[449.65591397849454, 623.1182795698925]
[508.25806451612897, 617.2043010752687]
[360.9462365591398, 731.7204301075268]
[377.0752688172043, 775.8064516129032]
[404.4946236559139, 802.6881720430107]
[304.6666666666667, 923.3333333333334]
[299.0, 840.3333333333334]
[185.0, 910.0]
[126.66666666666666, 927.0]
[88.0, 967.3333333333334]
[143.74193548387098, 1028.494623655914]
[282.9892473118279, 987.0967741935483]
[389.9784946236559, 913.9784946236558]
[289.9784946236559, 773.1182795698925]
[488.3655913978494, 1035.483870967742]
[431.33333333333337, 1014.0]
[387.2903225806451, 966.1290322580645]
[461.4838709677419, 1111.8279569892472]
[419.5483870967742, 1073.6559139784945]
[393.7419354838709, 1021.505376344086]
[272.33333333333337, 1068.3333333333333]
[393.7419354838709, 1162.3655913978494]
[448.6666666666667, 1197.3333333333333]
[402.34408602150535, 1213.978494623656]
[321.0, 1185.3333333333333]
[297.0, 1240.3333333333333]
[246.66666666666666, 1277.0]
[250.33333333333334, 1181.3333333333333]
[214.99999999999997, 1197.0]
[240.33333333333334, 1243.3333333333333]
[440.33333333333337, 1307.0]
[450.6666666666667, 1373.6666666666667]
[451.0, 1424.3333333333333]
[388.9032258064516, 1393.5483870967741]
[365.6666666666667, 1386.0]
[345.33333333333337, 1340.6666666666667]
[377.0, 1338.3333333333333]
[285.0, 1337.0]
[280.83870967741933, 1386.5591397849462]
[335.67741935483866, 1467.2043010752686]
[362.0, 1515.0]
[407.72043010752685, 1603.225806451613]
[315.0, 1509.3333333333333]
[323.33333333333337, 1565.6666666666667]
[315.247311827957, 1618.8172043010752]
[245.66666666666666, 1522.6666666666667]
[227.33333333333334, 1665.3333333333333]
[92.12903225806453, 1122.0430107526881]
[59.87096774193547, 1082.258064516129]
[14.999999999999993, 1060.3333333333333]
[403.9569892473118, 835.4838709677418]
[393.2043010752688, 1299.4623655913979]
[457.72043010752685, 1229.5698924731182]
