[374.3947368421053, 83.33333333333333]
[456.85087719298247, 108.7719298245614]
[531.4122807017544, 97.36842105263158]
[355.09649122807014, 133.33333333333331]
[381.4122807017544, 188.59649122807016]
[314.74561403508767, 204.38596491228068]
[333.16666666666663, 259.64912280701753]
[341.06140350877195, 344.7368421052631]
[321.7631578947369, 435.0877192982456]
[374.3947368421053, 471.05263157894734]
[290.18421052631584, 393.85964912280696]
[272.640350877193, 480.7017543859649]
[232.28947368421052, 533.3333333333333]
[204.21929824561403, 557.0175438596491]
[298.07894736842104, 593.8596491228069]
[324.3947368421053, 644.7368421052631]
[384.04385964912285, 679.8245614035087]
[327.90350877192986, 806.1403508771929]
[277.02631578947364, 785.9649122807017]
[277.02631578947364, 821.0526315789473]
[345.4473684210526, 831.5789473684209]
[317.3771929824561, 921.9298245614034]
[381.4122807017544, 964.0350877192982]
[315.6228070175439, 970.1754385964912]
[352.4649122807018, 1033.3333333333333]
[404.219298245614, 1072.8070175438595]
[214.74561403508778, 1149.9999999999998]
[227.90350877192986, 1195.6140350877192]
[195.4473684210526, 1254.3859649122805]
[201.5877192982456, 1319.2982456140348]
[155.09649122807025, 1370.1754385964912]
[185.79824561403507, 1403.5087719298244]
[129.65789473684208, 1444.736842105263]
