[206.70875420875421, 47.474747474747474]
[211.75925925925927, 97.3063973063973]
[193.15934065934056, 148.8131868131869]
[201.9949494949495, 356.5656565656565]
[187.85353535353536, 301.6835016835017]
[167.3351648351648, 255.4065934065935]
[175.73232323232327, 354.20875420875416]
[233.30808080808083, 375.4208754208754]
[265.68681318681314, 335.07692307692315]
[274.04882154882154, 526.2626262626262]
[235.6649831649832, 518.1818181818181]
[203.00505050505052, 484.51178451178447]
[277.7525252525253, 647.4747474747475]
[212.76936026936028, 683.8383838383838]
[180.10942760942763, 652.5252525252524]
[239.31318681318675, 715.8461538461538]
[183.81868131868129, 689.4725274725275]
[333.30808080808083, 800.3367003367002]
[284.82323232323233, 802.3569023569023]
[350.8164983164983, 866.3299663299663]
[298.62794612794613, 871.043771043771]
[246.43939393939394, 841.7508417508417]
[364.587912087912, 837.2747252747253]
[319.53296703296695, 837.8241758241758]
[193.70879120879118, 830.6813186813187]
[277.41582491582494, 910.7744107744107]
[252.16329966329965, 911.4478114478114]
[300.3114478114478, 975.0841750841751]
[266.3047138047138, 952.1885521885521]
[316.8097643097643, 1001.6835016835016]
[297.61784511784515, 1033.6700336700335]
[249.20329670329664, 1000.4615384615385]
[206.70875420875421, 987.2053872053872]
[263.9478114478115, 1043.7710437710437]
[226.5740740740741, 1020.2020202020201]
[374.4780219780219, 1085.6263736263738]
[329.9410774410774, 1095.9595959595958]
[274.04882154882154, 1090.5723905723905]
[300.9848484848485, 1150.8417508417508]
[385.496632996633, 1126.9360269360268]
[326.67582417582406, 1128.4835164835165]
[258.56060606060606, 1111.111111111111]
[342.3989898989899, 1167.003367003367]
[394.25084175084174, 1164.3097643097642]
[335.6649831649832, 1228.2828282828282]
[308.72895622895624, 1244.4444444444443]
[288.526936026936, 1199.3265993265993]
[209.40235690235693, 1256.5656565656566]
[229.97252747252736, 1311.4505494505495]
[265.68681318681314, 1337.8241758241759]
[339.70538720538724, 1347.4747474747473]
[392.9040404040404, 1334.3434343434342]
[439.3686868686869, 1290.5723905723905]
[368.98351648351644, 1301.010989010989]
[328.93097643097644, 1591.5824915824915]
[295.35714285714283, 1553.7582417582419]
[346.7760942760943, 1425.5892255892254]
[311.42255892255895, 1391.5824915824915]
[363.61111111111114, 1502.0202020202019]
[292.60989010989005, 1425.736263736264]
[165.68681318681314, 1621.89010989011]
[162.2643097643098, 1568.013468013468]
[187.51683501683505, 1518.8552188552187]
[471.3552188552189, 1653.1986531986531]
[439.3686868686869, 1585.5218855218855]
[370.0084175084175, 1619.1919191919192]
[393.9141414141414, 1580.4713804713804]
[292.56734006734007, 1841.4141414141413]
[217.81986531986533, 1662.9629629629628]
[239.3686868686869, 1672.7272727272725]
[238.35858585858585, 1626.262626262626]
[266.23626373626365, 1788.3736263736264]
[260.91750841750843, 1739.3939393939393]
[388.76373626373623, 1858.7032967032967]
[375.0274725274724, 1654.857142857143]
[388.526936026936, 2052.525252525252]
[269.53296703296695, 2070.7912087912086]
[224.21717171717174, 2034.6801346801346]
[375.3956228956229, 1958.5858585858584]
[340.9615384615384, 1876.835164835165]
[292.2306397306397, 1741.7508417508416]
[208.54395604395603, 2065.296703296703]
[323.8804713804714, 516.1616161616162]
[161.92760942760944, 488.88888888888886]
[182.46632996633, 579.7979797979798]
[164.95791245791247, 610.7744107744107]
[222.19696969696972, 632.3232323232323]
[213.44276094276097, 652.5252525252524]
[260.5808080808081, 978.4511784511784]
[357.21380471380473, 1265.9932659932658]
[400.3114478114478, 1417.5084175084173]
[219.50336700336703, 1623.5690235690236]
[468.66161616161617, 1599.3265993265993]
[293.5774410774411, 1900.3367003367002]
[226.5740740740741, 1974.4107744107744]
[236.33838383838383, 1939.7306397306395]
[326.9107744107744, 1800.3367003367002]
