[158.90425531914892, 119.14893617021276]
[192.41489361702125, 120.2127659574468]
[231.77659574468086, 118.61702127659574]
[251.45744680851064, 97.34042553191489]
[275.39361702127655, 154.7872340425532]
[325.39361702127655, 176.06382978723403]
[212.09574468085103, 177.12765957446808]
[247.73404255319147, 216.48936170212764]
[324.32978723404256, 122.8723404255319]
[164.75531914893614, 189.89361702127658]
[172.20212765957447, 230.85106382978722]
[248.26595744680847, 251.59574468085106]
[252.5212765957447, 352.12765957446805]
[300.92553191489367, 380.8510638297872]
[354.6489361702128, 391.4893617021276]
[213.69148936170214, 349.46808510638294]
[240.8191489361702, 401.59574468085106]
[161.56382978723403, 405.8510638297872]
[175.92553191489358, 365.4255319148936]
[131.77659574468086, 445.2127659574468]
[259.436170212766, 495.7446808510638]
[276.45744680851067, 541.4893617021277]
[271.67021276595744, 597.3404255319149]
[333.904255319149, 578.1914893617021]
[366.3510638297872, 526.595744680851]
[317.41489361702133, 501.59574468085106]
[254.11702127659575, 764.3617021276596]
[224.86170212765958, 725.531914893617]
[201.45744680851064, 657.4468085106382]
[173.26595744680853, 777.127659574468]
[164.22340425531914, 817.5531914893617]
[173.26595744680853, 857.4468085106382]
[228.0531914893617, 819.1489361702127]
[192.41489361702125, 798.4042553191489]
[239.75531914893614, 868.6170212765957]
[154.64893617021275, 900.531914893617]
[190.8191489361702, 831.9148936170212]
[109.43617021276597, 932.4468085106382]
[134.96808510638297, 902.127659574468]
[87.62765957446808, 972.3404255319149]
[164.75531914893614, 955.8510638297872]
[145.07446808510636, 1006.3829787234042]
[28.053191489361694, 1176.063829787234]
[85.49999999999997, 1190.9574468085107]
[158.90425531914892, 1101.063829787234]
[181.77659574468086, 1154.787234042553]
[219.54255319148936, 1195.7446808510638]
[192.9468085106383, 1078.191489361702]
[226.45744680851064, 1112.7659574468084]
[270.60638297872345, 1144.6808510638298]
[121.13829787234042, 1104.787234042553]
[116.35106382978725, 1149.468085106383]
[158.90425531914892, 1226.063829787234]
[165.2872340425532, 1287.7659574468084]
[187.09574468085108, 1334.0425531914893]
[44.54255319148936, 1403.191489361702]
[37.095744680851084, 1455.851063829787]
[45.07446808510636, 1514.3617021276596]
[67.41489361702125, 1435.6382978723404]
[75.39361702127658, 1494.6808510638298]
[128.0531914893617, 1435.1063829787233]
[130.1808510638298, 1480.3191489361702]
[87.62765957446808, 1629.255319148936]
[184.43617021276597, 1677.659574468085]
[139.22340425531914, 1668.6170212765956]
[148.79787234042553, 1720.7446808510638]
[170.07446808510636, 1778.191489361702]
[240.2872340425532, 1711.7021276595744]
[74.86170212765958, 1667.0212765957447]
[79.11702127659575, 1715.4255319148936]
[92.9468085106383, 1875.5319148936169]
[150.39361702127658, 1856.914893617021]
[151.45744680851064, 1904.255319148936]
[105.1808510638298, 1926.063829787234]
[19.010638297872333, 1952.127659574468]
[68.4787234042553, 1973.9361702127658]
[110.49999999999997, 2005.31914893617]
[174.32978723404253, 2031.3829787234042]
[152.5212765957447, 2078.723404255319]
[198.79787234042553, 2076.595744680851]
[124.86170212765958, 2124.4680851063827]
