[425.0, 294.3037974683544]
[385.2564102564103, 250.42735042735043]
[425.0, 215.82278481012656]
[374.36708860759495, 224.68354430379745]
[330.0632911392405, 248.1012658227848]
[405.37974683544303, 350.63291139240505]
[237.0253164556962, 314.55696202531647]
[199.68354430379748, 318.98734177215186]
[156.64556962025313, 301.8987341772152]
[355.37974683544303, 526.5822784810126]
[390.1898734177215, 533.5443037974683]
[390.82278481012656, 587.9746835443037]
[368.6708860759494, 630.379746835443]
[316.77215189873414, 587.3417721518987]
[119.9367088607595, 468.3544303797468]
[283.8607594936709, 694.3037974683544]
[269.30379746835445, 756.3291139240506]
[255.37974683544303, 806.3291139240506]
[386.3924050632911, 918.3544303797468]
[313.6075949367089, 950.0]
[314.873417721519, 1004.4303797468353]
[392.08860759493666, 964.5569620253165]
[411.0759493670886, 1013.9240506329113]
[295.88607594936707, 1048.1012658227849]
[410.44303797468353, 1105.0632911392404]
[472.4683544303797, 1134.1772151898733]
[363.4615384615385, 827.7777777777778]
