[371.20588235294116, 48.6764705882353]
[422.3823529411764, 47.5]
[414.735294117647, 80.44117647058825]
[370.6176470588235, 95.73529411764707]
[320.02941176470586, 121.61764705882354]
[395.3235294117647, 121.0294117647059]
[362.3823529411764, 165.73529411764704]
[355.3235294117647, 218.6764705882353]
[404.735294117647, 178.6764705882353]
[484.735294117647, 166.91176470588235]
[500.6176470588235, 216.3235294117647]
[450.0294117647059, 246.91176470588235]
[474.735294117647, 296.9117647058824]
[394.14705882352945, 270.4411764705883]
[371.20588235294116, 322.2058823529412]
[337.0882352941176, 368.0882352941177]
[278.2647058823529, 472.2058823529412]
[232.9705882352941, 516.3235294117648]
[178.85294117647055, 539.2647058823529]
[336.5, 485.7352941176471]
[332.9705882352941, 419.8529411764706]
[361.20588235294116, 531.6176470588235]
[398.26470588235287, 569.8529411764706]
[304.735294117647, 528.6764705882354]
[248.26470588235293, 560.4411764705883]
[211.79411764705878, 582.2058823529412]
[172.9705882352941, 567.5]
[173.55882352941177, 674.5588235294118]
[255.3235294117647, 681.6176470588235]
[262.9705882352941, 748.6764705882354]
[289.44117647058823, 799.2647058823529]
[160.02941176470586, 770.4411764705883]
[121.79411764705878, 811.029411764706]
[66.49999999999997, 838.0882352941177]
[162.38235294117646, 849.8529411764706]
[141.79411764705878, 883.3823529411765]
[132.9705882352941, 931.6176470588235]
[205.3235294117647, 898.6764705882354]
[199.44117647058823, 935.7352941176471]
[208.85294117647055, 988.0882352941177]
[198.26470588235293, 1035.735294117647]
[241.20588235294116, 1068.6764705882351]
[296.5, 1083.3823529411764]
[147.08823529411762, 1071.6176470588234]
[157.67647058823525, 1123.3823529411764]
[210.61764705882354, 1114.5588235294117]
[250.02941176470586, 1139.8529411764705]
[298.85294117647055, 1153.3823529411764]
[145.3235294117647, 1225.1470588235293]
[134.73529411764702, 1296.3235294117646]
[165.91176470588232, 1295.735294117647]
[209.5065359477124, 1313.7254901960785]
[227.15359477124184, 1371.2418300653594]
[171.5980392156863, 1350.9803921568628]
[191.859477124183, 1404.575163398693]
[232.38235294117646, 1435.2941176470588]
[298.3954248366013, 1492.8104575163397]
[217.34967320261438, 1537.2549019607843]
[169.63725490196077, 1563.3986928104575]
[148.72222222222223, 1607.8431372549019]
[257.87254901960785, 1590.8496732026144]
[318.00326797385617, 1549.673202614379]
[308.8529411764706, 1599.3464052287582]
[277.48039215686276, 1620.9150326797385]
[255.25816993464053, 1669.9346405228757]
[316.6960784313726, 1649.673202614379]
[294.4738562091503, 1713.7254901960785]
[333.0359477124183, 1694.7712418300653]
[363.10130718954247, 1669.9346405228757]
[396.43464052287584, 1713.7254901960785]
[414.7352941176471, 1765.359477124183]
[372.90522875817, 1753.5947712418301]
[346.76143790849676, 1784.9673202614379]
[210.81372549019608, 1732.0261437908496]
[121.27124183006538, 1733.986928104575]
[200.35620915032678, 1807.8431372549019]
[262.4477124183006, 1813.0718954248366]
[285.3235294117647, 1766.013071895425]
[267.02287581699346, 1760.7843137254902]
[287.28431372549016, 1660.1307189542483]
[359.17973856209153, 1828.1045751633987]
[181.4019607843137, 1728.1045751633987]
[161.140522875817, 1828.7581699346406]
[191.859477124183, 1875.1633986928105]
[236.9575163398693, 1968.627450980392]
[248.0686274509804, 1876.4705882352941]
[276.1732026143791, 1902.6143790849674]
[272.2516339869281, 1959.4771241830065]
[285.3235294117647, 2011.111111111111]
[255.91176470588238, 2016.9934640522874]
[254.6045751633987, 2077.124183006536]
[170.29084967320262, 2024.1830065359477]
[216.69607843137254, 2056.8627450980393]
[138.26470588235293, 1988.235294117647]
[114.08169934640523, 2005.8823529411764]
[123.23202614379085, 2047.7124183006536]
[168.33006535947715, 2649.0196078431372]
[324.5392156862745, 2636.6013071895422]
[374.8660130718954, 2650.326797385621]
[315.3888888888889, 2592.156862745098]
[282.7091503267974, 2609.8039215686276]
[168.98366013071893, 2596.732026143791]
