[75.64161849710985, 173.38150289017344]
[114.36994219653178, 224.24855491329484]
[137.4913294797688, 281.4739884393064]
[134.1739130434783, 333.33333333333337]
[212.05780346820808, 497.0809248554914]
[188.9364161849711, 443.9017341040463]
[158.30057803468208, 382.0520231213873]
[53.980676328502454, 290.8212560386474]
[18.994219653179186, 205.17341040462432]
[164.6589595375723, 535.8092485549133]
[240.3815028901734, 695.9248554913295]
[276.21965317919074, 757.1965317919075]
[276.79768786127164, 900.5491329479769]
[247.8959537572254, 843.3236994219653]
[205.12138728323703, 781.4739884393064]
[194.1387283236994, 829.4508670520231]
[217.26011560693644, 902.2832369942197]
[227.0867052023122, 975.1156069364163]
[118.41618497109829, 877.42774566474]
[137.072463768116, 818.3574879227053]
[195.87283236994222, 1154.3063583815028]
[184.8985507246377, 1097.1014492753625]
[183.93236714975848, 1018.840579710145]
[270.43930635838154, 1188.4104046242776]
[118.99421965317919, 1188.4104046242776]
[116.68208092485548, 1251.9942196531792]
[101.07514450867052, 1311.5317919075144]
[210.90173410404623, 1458.9306358381502]
[221.8843930635838, 1402.2832369942198]
[220.728323699422, 1347.3699421965318]
[198.76300578034682, 1289.5664739884394]
[53.014492753623244, 1339.6135265700484]
[16.782608695652186, 1350.7246376811595]
[107.43352601156073, 1419.6242774566474]
[50.78612716763007, 1418.4682080924856]
[125.9306358381503, 1612.6878612716764]
[104.54335260115607, 1551.9942196531792]
[75.64161849710985, 1502.8612716763007]
[159.45664739884393, 1641.0115606936417]
[99.34104046242777, 1602.2832369942198]
[53.09826589595377, 1580.3179190751446]
[191.8265895953757, 1850.8381502890174]
[146.16184971098266, 1817.8901734104047]
[58.87861271676303, 1812.6878612716764]
[73.90751445086704, 1711.5317919075146]
[74.485549132948, 1660.0867052023123]
[39.22543352601156, 1611.5317919075146]
[120.72832369942199, 551.4161849710983]
[128.242774566474, 591.3005780346821]
[213.79190751445088, 606.3294797687862]
[166.971098265896, 1170.4913294797689]
[10.32369942196533, 1405.7514450867052]
[40.38150289017341, 1734.6531791907514]
