[291.3461538461538, 118.26923076923076]
[259.9358974358974, 113.14102564102564]
[270.1923076923077, 169.87179487179486]
[306.0897435897436, 224.67948717948718]
[197.1153846153846, 252.24358974358972]
[220.83333333333331, 186.85897435897436]
[245.19230769230768, 401.6025641025641]
[258.65384615384613, 453.525641025641]
[277.88461538461536, 489.1025641025641]
[285.8974358974359, 477.88461538461536]
[267.3076923076923, 427.56410256410254]
[341.3461538461538, 672.7564102564103]
[305.44871794871796, 622.7564102564103]
[291.025641025641, 561.8589743589744]
[226.9230769230769, 656.7307692307692]
[241.66666666666666, 592.6282051282051]
[325.64102564102564, 814.1025641025641]
[303.2051282051282, 779.8076923076923]
[293.9102564102564, 733.3333333333333]
[382.37179487179486, 814.4230769230769]
[363.78205128205127, 763.4615384615385]
[337.8205128205128, 715.0641025641025]
[472.1153846153846, 1075.0]
[418.30385852090035, 1047.5434083601288]
[380.44871794871796, 991.6666666666666]
[412.1794871794872, 1148.076923076923]
[379.48717948717945, 1100.3205128205127]
[357.6923076923077, 1033.6538461538462]
[367.62820512820514, 1206.0897435897436]
[339.7435897435897, 1155.128205128205]
[336.21794871794873, 1100.6410256410256]
[291.3461538461538, 1046.1538461538462]
[289.7435897435897, 980.7692307692307]
[216.34615384615384, 1091.3461538461538]
[238.2395498392283, 1037.5755627009646]
[241.98717948717947, 976.9230769230769]
[179.16666666666666, 1015.7051282051282]
[209.6153846153846, 971.7948717948717]
[126.92307692307692, 1036.2179487179487]
[213.80225080385856, 1203.170418006431]
[296.15384615384613, 1377.8846153846152]
[258.3333333333333, 1319.871794871795]
[253.52564102564102, 1274.0384615384614]
[210.89743589743588, 1302.5641025641025]
[206.0897435897436, 1253.8461538461538]
[323.3974358974359, 979.4871794871794]
[317.3076923076923, 1035.8974358974358]
[232.37179487179486, 1250.0]
