[198.20224719101125, 138.7640449438202]
[240.3370786516854, 158.98876404494382]
[194.26966292134833, 210.67415730337078]
[234.7191011235955, 229.7752808988764]
[295.3932584269663, 179.7752808988764]
[342.5842696629213, 237.07865168539325]
[196.51685393258427, 383.14606741573033]
[198.20224719101125, 439.8876404494382]
[212.24719101123597, 573.5955056179776]
[179.6629213483146, 610.1123595505618]
[252.69662921348313, 611.7977528089888]
[210.00000000000003, 747.7528089887641]
[151.0112359550562, 795.5056179775281]
[235.84269662921352, 823.0337078651685]
[208.31460674157304, 856.7415730337078]
