[363.363184079602, 128.26616915422898]
[322.06965174129357, 157.61940298507474]
[297.69154228855723, 200.902985074627]
[329.5323383084577, 377.51990049751254]
[356.3980099502488, 434.2363184079603]
[363.363184079602, 844.1865671641791]
[319.1268191268191, 804.158004158004]
[287.7412935323383, 749.6592039800995]
[244.45771144278606, 893.4402985074627]
[256.3980099502488, 957.6194029850747]
[243.96019900497512, 1010.8532338308457]
[224.05970149253736, 1096.4253731343285]
[236.9950248756219, 1151.1517412935325]
[270.06237006237, 1198.128898128898]
[177.79104477611943, 1146.6741293532339]
[180.27860696517413, 1227.271144278607]
[181.27363184079607, 1284.9825870646766]
[159.88059701492543, 1344.68407960199]
[218.58706467661696, 1539.7089552238806]
[191.22388059701493, 1480.5049751243782]
[189.7313432835821, 1427.768656716418]
[268.8358208955224, 233.73880597014937]
[329.5323383084577, 330.25621890547274]
