[774.5822784810126, 92.40506329113924]
[845.4683544303797, 143.67088607594937]
[877.2828685258963, 60.89840637450217]
[832.1772151898734, 70.25316455696202]
[787.2405063291139, 63.291139240506325]
[746.1012658227847, 102.53164556962025]
[777.1139240506329, 171.51898734177215]
[718.8860759493671, 136.0759493670886]
[728.379746835443, 186.0759493670886]
[717.620253164557, 244.9367088607595]
[692.9367088607595, 167.0886075949367]
[763.8227848101266, 210.126582278481]
[632.1772151898734, 218.35443037974682]
[755.5949367088607, 312.65822784810126]
[795.4683544303797, 353.79746835443035]
[848.632911392405, 391.1392405063291]
[767.3227091633465, 453.3286852589643]
[749.2658227848101, 383.54430379746833]
[794.2025316455696, 431.6455696202531]
[717.620253164557, 392.40506329113924]
[679.6455696202531, 124.68354430379746]
[735.3417721518987, 452.53164556962025]
[757.3625498007967, 510.69920318725116]
[766.3544303797468, 558.8607594936709]
[657.493670886076, 887.9746835443037]
[627.1139240506329, 965.8227848101266]
[672.6835443037975, 1003.7974683544303]
[725.2151898734177, 1029.746835443038]
[774.5822784810126, 1033.5443037974683]
[800.7888446215139, 1070.858565737052]
[761.7450199203187, 1127.4322709163348]
[711.1474103585657, 1146.9541832669324]
[646.207171314741, 1160.1015936254983]
[639.1392405063291, 1343.0379746835442]
[597.367088607595, 1241.139240506329]
[627.746835443038, 1248.73417721519]
[687.2405063291139, 1313.2911392405063]
[599.8987341772151, 1294.9367088607594]
[605.5949367088607, 1348.1012658227849]
[623.3164556962025, 1404.4303797468353]
[595.2111553784861, 1492.7709163346615]
[643.0199203187251, 1527.8306772908368]
[494.2025316455696, 1481.6455696202531]
[493.56962025316454, 1544.9367088607594]
[494.2025316455696, 1619.620253164557]
[581.5443037974684, 1822.1518987341772]
[594.8354430379746, 1893.6708860759493]
