[89.265306122449, 119.9795918367348]
[38.2448979591837, 145.2857142857144]
[89.265306122449, 155.48979591836746]
[88.04081632653063, 209.77551020408174]
[102.32653061224491, 265.69387755102053]
[119.87755102040816, 203.6530612244899]
[28.85714285714289, 311.0000000000001]
[74.16326530612247, 279.1632653061225]
[62.734693877551024, 430.59183673469397]
[61.51020408163268, 494.6734693877552]
[173.3469387755102, 440.79591836734704]
[121.9183673469388, 543.6530612244899]
[103.444089456869, 604.7923322683706]
[221.91836734693877, 682.0204081632654]
[197.02040816326533, 618.7551020408164]
[95.79591836734696, 775.8979591836735]
[31.878594249201285, 814.0575079872204]
[67.0223642172524, 902.2364217252397]
[131.23961661341855, 873.1629392971246]
[293.5399361022364, 1011.1821086261981]
[229.6734693877551, 974.265306122449]
[193.75510204081635, 917.5306122448981]
[244.9776357827476, 903.8338658146965]
[153.3469387755102, 894.6734693877552]
[146.81632653061226, 958.7551020408164]
[62.32653061224491, 1133.857142857143]
[183.9552715654952, 1212.1405750798722]
[226.40816326530611, 1201.204081632653]
[165.10543130990413, 1133.226837060703]
[108.04081632653063, 1202.0204081632653]
[113.75510204081635, 1147.3265306122448]
[214.16326530612244, 1097.5306122448978]
[180.2857142857143, 1086.5102040816325]
[117.1821086261981, 1338.338658146965]
[160.63258785942492, 1363.8977635782749]
[210.15335463258788, 1378.9137380191694]
[179.06122448979593, 1604.469387755102]
[188.04081632653063, 1332.2244897959183]
[122.32653061224491, 1400.3877551020407]
[41.102040816326536, 1256.7142857142856]
[112.12244897959184, 1278.7551020408162]
[4.36734693877554, 1289.7755102040815]
[3.959183673469397, 1586.9183673469386]
[23.142857142857167, 1537.5306122448978]
[29.67346938775512, 1486.9183673469386]
[109.265306122449, 1607.7346938775509]
[202.3265306122449, 1551.408163265306]
[280.28571428571433, 1384.061224489796]
[275.795918367347, 1439.5714285714284]
[329.26530612244903, 1408.142857142857]
[344.36734693877554, 1717.9387755102039]
[129.265306122449, 1737.9387755102039]
[129.6734693877551, 1675.0816326530612]
[113.34693877551021, 1808.5510204081631]
[124.36734693877551, 321.20408163265313]
[132.53061224489798, 727.3265306122449]
[68.44897959183675, 685.2857142857143]
[2.326530612244909, 1146.1020408163265]
[203.55102040816328, 1166.1020408163265]
