[392.4187725631769, 134.60830324909756]
[349.45848375451266, 172.87545126353797]
[290.97472924187724, 188.0379061371842]
[357.03971119133575, 242.91155234657046]
[414.07942238267145, 261.3231046931409]
[470.03610108303246, 179.37364620938635]
[455.956678700361, 248.68772563176904]
[460.64981949458485, 320.1678700361012]
[414.44043321299637, 394.5361010830326]
[351.2635379061372, 367.09927797833944]
[260.28880866425993, 462.0451263537907]
[400.3610108303249, 453.019855595668]
[386.6425992779783, 515.4747292418774]
[301.08303249097474, 455.1859205776174]
[399.6389891696751, 578.2906137184117]
[256.67870036101084, 587.6768953068594]
[220.93862815884475, 552.658844765343]
[181.9494584837545, 639.6624548736463]
[211.5523465703971, 623.7779783393503]
[281.9494584837545, 668.904332129964]
[227.07581227436822, 690.9259927797835]
[323.1046931407942, 605.7274368231048]
[332.12996389891697, 662.0451263537907]
[280.8664259927798, 579.7346570397112]
[441.8772563176895, 763.8501805054152]
[534.2960288808664, 775.0415162454875]
[282.3104693140794, 824.5000000000001]
[377.6173285198556, 815.4747292418774]
[371.1191335740072, 873.9584837545127]
[286.2815884476534, 908.6155234657041]
[381.9494584837545, 947.6046931407943]
[430.6859205776173, 949.7707581227438]
[186.28158844765343, 953.7418772563178]
[237.1841155234657, 966.0162454873647]
[232.49097472924188, 928.4711191335741]
[110.83032490974729, 969.2653429602889]
[229.6028880866426, 1025.22202166065]
[281.9494584837545, 1004.6444043321301]
[315.1624548736462, 1015.4747292418774]
[353.06859205776175, 1093.8140794223827]
[237.1841155234657, 1097.7851985559569]
[577.6173285198556, 916.918772563177]
[593.1407942238267, 990.5649819494586]
[640.0722021660649, 1059.1570397111914]
[168.59205776173286, 1141.4675090252708]
[122.0216606498195, 1119.8068592057762]
[96.75090252707581, 1193.453068592058]
[175.81227436823104, 1185.5108303249099]
[118.05054151624549, 1238.5794223826715]
[187.72563176895306, 1228.1101083032493]
[129.9638989169675, 1328.1101083032493]
[182.67148014440434, 1282.2617328519857]
[211.5523465703971, 1289.8429602888089]
[204.69314079422384, 1362.7671480144406]
[265.3429602888087, 1347.2436823104695]
[316.9675090252708, 1256.268953068592]
[325.2707581227437, 1326.3050541516247]
[445.12635379061373, 1296.3411552346572]
[509.3862815884477, 1238.9404332129966]
[492.057761732852, 1175.4025270758125]
[448.3754512635379, 1230.6371841155235]
[461.7328519855596, 1331.7202166064983]
[76.31102362204723, 1420.4724409448818]
[129.24187725631768, 1363.4891696750904]
[134.65703971119135, 1420.1678700361012]
[123.46570397111913, 1491.2870036101083]
[190.25270758122744, 1487.3158844765344]
[341.8772563176895, 1482.2617328519857]
[392.4187725631769, 1441.4675090252708]
[429.2418772563177, 1471.4314079422384]
[367.1480144404332, 1508.615523465704]
[346.93140794223825, 1567.0992779783394]
[111.5523465703971, 1550.1317689530688]
[251.985559566787, 1513.669675090253]
[253.06859205776172, 1612.586642599278]
[193.1407942238267, 1594.1750902527076]
[300.3610108303249, 1624.861010830325]
[359.5667870036101, 1634.6083032490976]
[349.09747292418774, 1701.395306859206]
[362.45487364620936, 1771.4314079422384]
[283.39350180505414, 1679.0126353790615]
[176.8953068592058, 1726.3050541516247]
[257.40072202166067, 1743.6335740072202]
[296.3898916967509, 1769.265342960289]
[302.16606498194943, 1853.380866425993]
[144.043321299639, 1794.1750902527076]
[422.76771653543307, 885.8267716535433]
