[231.0759162303665, 110.99476439790575]
[208.5628272251309, 142.93193717277487]
[173.4842931937173, 157.5916230366492]
[231.0759162303665, 158.63874345549738]
[189.19109947643977, 190.0523560209424]
[259.348167539267, 203.66492146596858]
[248.35340314136124, 262.30366492146595]
[255.6832460732984, 307.85340314136124]
[147.30628272251306, 340.83769633507853]
[105.9450261780105, 365.44502617801044]
[52.018324607329845, 376.9633507853403]
[159.34816753926702, 364.92146596858635]
[109.60994764397907, 397.38219895287955]
[145.21204188481676, 561.2565445026178]
[92.85602094240835, 590.5759162303665]
[142.5942408376963, 725.6544502617801]
[198.6151832460733, 721.4659685863874]
[117.9869109947644, 730.3664921465968]
[189.19109947643977, 937.1727748691098]
[235.78795811518324, 906.282722513089]
[268.24869109947645, 949.7382198952879]
[244.16492146596858, 992.1465968586386]
[178.71989528795808, 1052.3560209424083]
[265.630890052356, 1092.1465968586388]
[320.0811518324607, 1097.9057591623036]
[243.64136125654449, 1154.4502617801047]
[304.3743455497382, 1163.3507853403141]
[276.1020942408377, 1197.3821989528794]
[184.47905759162302, 1321.4659685863874]
[145.73560209424085, 1347.6439790575914]
[82.9083769633508, 1363.3507853403141]
[70.86649214659684, 1438.219895287958]
[127.934554973822, 1457.068062827225]
[67.72513089005236, 1464.397905759162]
